  File: /data/mephi-web
  Size: 4096      	Blocks: 8          IO Block: 4096   directory
Device: 8,17	Inode: 2           Links: 3
Access: (2775/drwxrwsr-x)  Uid: ( 1001/mephi-admin)   Gid: ( 1002/mephi-devs)
Context: system_u:object_r:httpd_sys_content_t:s0
Access: 2026-04-09 15:48:31.301048286 +0000
Modify: 2026-04-09 15:45:58.114845598 +0000
Change: 2026-04-09 15:45:58.114845598 +0000
 Birth: 2026-04-09 15:30:15.000000000 +0000
